"TOA5","48066","CR800","48066","CR800.Std.32.05","CPU:Probe48066-20140419_modAC.CR8","41930","OperatorView"
"TIMESTAMP","RECORD","Counter","DepthCm","BattVolts","latitude_a","latitude_b","Longitude_a","Longitude_b","fix_quality","nmbr_satellites","HDOP","altitudeB","DepthVolts","LatitudeDDDDD","LongitudeDDDDD","month","dayofmonth","hourofday","minutes","seconds","microseconds"
"TS","RN","","","","degrees","minutes","degrees","minutes","unitless","","","","","","","","","","","",""
"","","Smp","Smp","Smp","Smp","Smp","Smp","Smp","Smp","Smp","Smp","Smp","Smp","Smp","Smp","Smp","Smp","Smp","Smp","Smp","Smp"
"2025-01-12 15:52:32.39",0,100001,-0.043,7.507,64,51.3791,-147,-49.089,1,4,3.6,"NAN",0.004,0.8563183,-0.81815,1,12,16,8,47,680000
"2025-01-12 16:09:49.67",1,100002,-0.157,7.363,64,51.3796,-147,-49.0939,1,4,3.6,169.4,-0.004,0.8563267,-0.8182317,1,12,16,9,48,990000
"2025-01-12 16:10:25.93",2,100003,-0.043,5.862,64,51.3802,-147,-49.0926,1,4,4.2,166.6,0.004,0.8563366,-0.81821,1,12,16,10,25,250000
"2025-01-12 17:42:51.41",3,100004,-53.81,5.553,64,51.4935,-147,-51.1263,2,11,0.8,175.9,-3.418,0.858225,-0.852105,1,12,17,42,50,730000
"2025-01-12 19:03:59.31",4,100001,2.474,13.72,64,51.495,-147,-51.132,2,11,0.7,177.1,0.164,0.85825,-0.8522,1,12,19,3,58,630000
"2025-01-12 19:04:14.32",5,100002,2.588,13.72,64,51.4945,-147,-51.1322,2,11,0.7,177.3,0.171,0.8582417,-0.8522033,1,12,19,4,13,640000
"2025-01-12 19:04:25.38",6,100003,2.474,13.72,64,51.4944,-147,-51.1323,2,11,0.7,177.7,0.164,0.85824,-0.852205,1,12,19,4,24,700000
"2025-01-12 19:04:47.89",7,100004,2.588,13.72,64,51.4944,-147,-51.1323,2,11,0.7,177.8,0.171,0.85824,-0.852205,1,12,19,4,47,200000
"2025-01-12 19:06:26.43",8,100005,24.15,13.61,64,51.4945,-147,-51.1322,2,11,0.7,178,1.544,0.8582417,-0.8522033,1,12,19,6,25,750000
"2025-01-12 19:07:17.19",9,100006,-0.329,13.59,64,51.4945,-147,-51.1322,2,11,0.7,178.1,-0.015,0.8582417,-0.8522033,1,12,19,7,16,510000
"2025-01-12 19:07:20.83",10,100007,-0.272,13.59,64,51.4945,-147,-51.1321,2,11,0.7,178.1,-0.011,0.8582417,-0.8522017,1,12,19,7,20,150000
"2025-01-12 19:07:23.27",11,100008,-0.443,13.58,64,51.4945,-147,-51.1322,2,11,0.7,178.1,-0.022,0.8582417,-0.8522033,1,12,19,7,22,580000
"2025-01-12 19:07:25.31",12,100009,0.358,13.59,64,51.4945,-147,-51.1322,2,11,0.7,178.1,0.029,0.8582417,-0.8522033,1,12,19,7,24,630000
"2025-01-12 19:07:26.93",13,100010,-0.386,13.58,64,51.4945,-147,-51.1322,2,12,0.7,178.2,-0.018,0.8582417,-0.8522033,1,12,19,7,26,250000
"2025-01-12 19:07:29",14,100011,-0.329,13.59,64,51.4945,-147,-51.1327,2,12,0.7,178.3,-0.015,0.8582417,-0.8522117,1,12,19,7,28,320000
"2025-01-12 19:07:30.54",15,100012,0.358,13.59,64,51.4945,-147,-51.1329,2,12,0.7,178.4,0.029,0.8582417,-0.852215,1,12,19,7,29,860000
"2025-01-12 19:07:32.22",16,100013,-0.272,13.58,64,51.4945,-147,-51.1335,2,12,0.7,178.5,-0.011,0.8582417,-0.852225,1,12,19,7,31,540000
"2025-01-12 19:07:34.24",17,100014,-0.214,13.58,64,51.4945,-147,-51.1341,2,11,0.7,178.8,-0.007,0.8582417,-0.852235,1,12,19,7,33,560000
"2025-01-12 19:07:36.36",18,100015,-0.272,13.59,64,51.4946,-147,-51.1346,2,12,0.7,178.9,-0.011,0.8582433,-0.8522434,1,12,19,7,35,670000
"2025-01-12 19:07:38.41",19,100016,-0.214,13.59,64,51.4946,-147,-51.1349,2,11,0.7,178.9,-0.007,0.8582433,-0.8522483,1,12,19,7,37,730000
"2025-01-12 19:07:41.01",20,100017,-0.329,13.59,64,51.4945,-147,-51.1352,2,11,0.7,178.9,-0.015,0.8582417,-0.8522533,1,12,19,7,40,330000
"2025-01-12 19:07:43.48",21,100018,-0.214,13.59,64,51.4945,-147,-51.136,2,12,0.7,179.1,-0.007,0.8582417,-0.8522666,1,12,19,7,42,790000
"2025-01-12 19:07:46.22",22,100019,-0.214,13.58,64,51.4945,-147,-51.1371,2,11,0.7,179.3,-0.007,0.8582417,-0.852285,1,12,19,7,45,540000
"2025-01-12 19:07:48.79",23,100020,-0.272,13.58,64,51.4946,-147,-51.138,2,11,0.7,179.4,-0.011,0.8582433,-0.8523,1,12,19,7,48,110000
"2025-01-12 19:07:51.15",24,100021,-0.329,13.58,64,51.4946,-147,-51.1386,2,11,0.7,179.5,-0.015,0.8582433,-0.85231,1,12,19,7,50,470000
"2025-01-12 19:07:53.95",25,100022,-0.386,13.57,64,51.4946,-147,-51.1397,2,12,0.7,179.7,-0.018,0.8582433,-0.8523284,1,12,19,7,53,270000
"2025-01-12 19:07:56.24",26,100023,-0.214,13.57,64,51.4946,-147,-51.1404,2,11,0.7,179.8,-0.007,0.8582433,-0.85234,1,12,19,7,55,560000
"2025-01-12 19:07:58.7",27,100024,-0.272,13.58,64,51.4946,-147,-51.1415,2,11,0.7,179.8,-0.011,0.8582433,-0.8523583,1,12,19,7,58,10000
"2025-01-12 19:08:01.12",28,100025,-0.272,13.57,64,51.4946,-147,-51.1422,2,11,0.7,179.8,-0.011,0.8582433,-0.85237,1,12,19,8,0,440000
"2025-01-12 19:08:04.48",29,100026,-0.329,13.58,64,51.4946,-147,-51.1432,2,11,0.7,179.9,-0.015,0.8582433,-0.8523866,1,12,19,8,3,800000
"2025-01-12 19:08:07.12",30,100027,-0.386,13.57,64,51.4945,-147,-51.144,2,11,0.7,180,-0.018,0.8582417,-0.8524,1,12,19,8,6,440000
"2025-01-12 19:08:09.63",31,100028,-0.329,13.57,64,51.4944,-147,-51.1446,2,12,0.7,180,-0.015,0.85824,-0.85241,1,12,19,8,8,940000
"2025-01-12 19:08:12.48",32,100029,-0.272,13.57,64,51.4945,-147,-51.1458,2,11,0.7,180,-0.011,0.8582417,-0.8524301,1,12,19,8,11,800000
"2025-01-12 19:08:15.19",33,100030,-0.214,13.57,64,51.4944,-147,-51.1465,2,11,0.7,180,-0.007,0.85824,-0.8524417,1,12,19,8,14,510000
"2025-01-12 19:08:17.54",34,100031,-0.272,13.57,64,51.4944,-147,-51.1469,2,12,0.7,180,-0.011,0.85824,-0.8524483,1,12,19,8,16,860000
"2025-01-12 19:08:20.42",35,100032,-0.272,13.57,64,51.4944,-147,-51.1481,2,12,0.7,180.1,-0.011,0.85824,-0.8524684,1,12,19,8,19,740000
"2025-01-12 19:11:09.11",36,100033,-0.272,13.61,64,51.4947,-147,-51.1297,2,12,0.7,181.4,-0.011,0.858245,-0.8521617,1,12,19,11,8,430000
"2025-01-12 19:11:33.33",37,100034,-0.329,13.53,64,51.4948,-147,-51.131,2,12,0.7,181.4,-0.015,0.8582467,-0.8521834,1,12,19,11,32,650000
"2025-01-12 19:11:37.48",38,100035,-0.272,13.54,64,51.4947,-147,-51.1317,2,12,0.7,181.5,-0.011,0.858245,-0.852195,1,12,19,11,36,800000
"2025-01-12 19:11:40.18",39,100036,-0.386,13.54,64,51.4947,-147,-51.1321,2,12,0.7,181.6,-0.018,0.858245,-0.8522017,1,12,19,11,39,490000
"2025-01-12 19:11:42.91",40,100037,-0.157,13.53,64,51.4946,-147,-51.1326,2,12,0.7,181.6,-0.004,0.8582433,-0.85221,1,12,19,11,42,230000
"2025-01-12 19:11:45.41",41,100038,-0.386,13.54,64,51.4945,-147,-51.1326,2,12,0.7,181.6,-0.018,0.8582417,-0.85221,1,12,19,11,44,730000
"2025-01-12 19:11:47.97",42,100039,-0.272,13.54,64,51.4945,-147,-51.133,2,12,0.7,181.6,-0.011,0.8582417,-0.8522166,1,12,19,11,47,290000
"2025-01-12 19:11:50.67",43,100040,-0.214,13.53,64,51.4945,-147,-51.1336,2,12,0.7,181.7,-0.007,0.8582417,-0.8522266,1,12,19,11,49,980000
"2025-01-12 19:11:53.35",44,100041,-0.443,13.53,64,51.4945,-147,-51.1336,2,12,0.7,181.7,-0.022,0.8582417,-0.8522266,1,12,19,11,52,670000
"2025-01-12 19:11:55.71",45,100042,-0.329,13.54,64,51.4944,-147,-51.134,2,12,0.7,181.8,-0.015,0.85824,-0.8522333,1,12,19,11,55,20000
"2025-01-12 19:11:58.47",46,100043,-0.386,13.53,64,51.4944,-147,-51.1343,2,12,0.7,181.7,-0.018,0.85824,-0.8522383,1,12,19,11,57,780000
"2025-01-12 19:12:01.31",47,100044,-0.329,13.53,64,51.4944,-147,-51.1345,2,12,0.7,181.8,-0.015,0.85824,-0.8522416,1,12,19,12,0,630000
"2025-01-12 19:12:06.32",48,100045,-0.329,13.52,64,51.4944,-147,-51.1351,2,12,0.7,181.8,-0.015,0.85824,-0.8522517,1,12,19,12,5,640000
"2025-01-12 19:12:09.55",49,100046,-0.386,13.53,64,51.4944,-147,-51.1355,2,12,0.7,181.7,-0.018,0.85824,-0.8522584,1,12,19,12,8,870000
"2025-01-12 19:12:12.39",50,100047,-0.214,13.53,64,51.4943,-147,-51.1363,2,12,0.7,181.8,-0.007,0.8582383,-0.8522717,1,12,19,12,11,700000
"2025-01-12 19:12:16.07",51,100048,-0.329,13.52,64,51.4943,-147,-51.1376,2,12,0.7,182,-0.015,0.8582383,-0.8522933,1,12,19,12,15,390000
"2025-01-12 19:12:21.31",52,100049,-0.386,13.52,64,51.4943,-147,-51.1383,2,12,0.7,182.1,-0.018,0.8582383,-0.852305,1,12,19,12,20,630000
"2025-01-12 19:12:25.16",53,100050,-0.329,13.52,64,51.4944,-147,-51.1393,2,12,0.7,182.1,-0.015,0.85824,-0.8523217,1,12,19,12,24,480000
"2025-01-12 19:12:28.6",54,100051,-0.329,13.52,64,51.4944,-147,-51.1401,2,12,0.7,181.9,-0.015,0.85824,-0.852335,1,12,19,12,27,920000
"2025-01-12 19:12:32.02",55,100052,-0.329,13.52,64,51.4944,-147,-51.141,2,12,0.7,181.9,-0.015,0.85824,-0.85235,1,12,19,12,31,340000
"2025-01-12 19:12:35.49",56,100053,-0.272,13.52,64,51.4944,-147,-51.1419,2,12,0.7,181.9,-0.011,0.85824,-0.852365,1,12,19,12,34,810000
"2025-01-12 19:12:38.44",57,100054,-0.329,13.51,64,51.4944,-147,-51.1424,2,12,0.7,181.9,-0.015,0.85824,-0.8523733,1,12,19,12,37,760000
"2025-01-12 19:12:41.18",58,100055,-0.443,13.52,64,51.4943,-147,-51.1431,2,12,0.7,182,-0.022,0.8582383,-0.852385,1,12,19,12,40,500000
"2025-01-12 19:12:44.47",59,100056,-0.386,13.52,64,51.4943,-147,-51.144,2,12,0.7,182,-0.018,0.8582383,-0.8524,1,12,19,12,43,790000
"2025-01-12 19:12:47.2",60,100057,-0.329,13.52,64,51.4943,-147,-51.1446,2,12,0.7,181.9,-0.015,0.8582383,-0.85241,1,12,19,12,46,520000
"2025-01-12 19:12:49.99",61,100058,-0.329,13.51,64,51.4943,-147,-51.1456,2,12,0.7,182,-0.015,0.8582383,-0.8524266,1,12,19,12,49,310000
"2025-01-12 19:12:53.42",62,100059,-0.386,13.52,64,51.4943,-147,-51.1464,2,12,0.7,182,-0.018,0.8582383,-0.85244,1,12,19,12,52,730000
"2025-01-12 19:12:56.3",63,100060,-0.329,13.52,64,51.4944,-147,-51.1472,2,12,0.7,181.9,-0.015,0.85824,-0.8524534,1,12,19,12,55,620000
"2025-01-12 19:13:09.89",64,100061,-0.329,13.52,64,51.4946,-147,-51.1482,2,12,0.7,182,-0.015,0.8582433,-0.8524701,1,12,19,13,9,210000
"2025-01-12 19:13:10.84",65,100062,-0.329,13.51,64,51.4946,-147,-51.1482,2,12,0.7,182.1,-0.015,0.8582433,-0.8524701,1,12,19,13,10,160000
"2025-01-12 19:13:11.79",66,100063,-0.443,13.51,64,51.4946,-147,-51.1481,2,12,0.7,182.1,-0.022,0.8582433,-0.8524684,1,12,19,13,11,110000
"2025-01-12 19:13:18.1",67,100064,-0.386,13.51,64,51.4946,-147,-51.1481,2,12,0.7,182.1,-0.018,0.8582433,-0.8524684,1,12,19,13,17,420000
"2025-01-12 19:13:23.18",68,100065,-0.329,13.51,64,51.4946,-147,-51.148,2,12,0.7,182.1,-0.015,0.8582433,-0.8524666,1,12,19,13,22,500000
"2025-01-12 19:13:29.57",69,100066,-0.329,13.51,64,51.4945,-147,-51.1479,2,12,0.7,182.1,-0.015,0.8582417,-0.852465,1,12,19,13,28,890000
"2025-01-12 19:13:35.52",70,100067,-0.386,13.49,64,51.4945,-147,-51.1472,2,12,0.7,182.2,-0.018,0.8582417,-0.8524534,1,12,19,13,34,840000
"2025-01-12 19:13:41.31",71,100068,-0.386,13.5,64,51.4943,-147,-51.1461,2,12,0.7,182.2,-0.018,0.8582383,-0.852435,1,12,19,13,40,630000
"2025-01-12 19:13:47.69",72,100069,-0.443,13.5,64,51.4943,-147,-51.145,2,12,0.7,182.2,-0.022,0.8582383,-0.8524167,1,12,19,13,47,0
"2025-01-12 19:13:53.36",73,100070,-0.329,13.5,64,51.4944,-147,-51.1439,2,12,0.7,182.4,-0.015,0.85824,-0.8523983,1,12,19,13,52,680000
"2025-01-12 19:13:58.94",74,100071,-0.386,13.5,64,51.4945,-147,-51.1429,2,12,0.7,182.6,-0.018,0.8582417,-0.8523817,1,12,19,13,58,260000
"2025-01-12 19:14:04.84",75,100072,-0.386,13.5,64,51.4944,-147,-51.142,2,12,0.7,182.7,-0.018,0.85824,-0.8523666,1,12,19,14,4,160000
"2025-01-12 19:14:11.2",76,100073,-0.329,13.5,64,51.4944,-147,-51.1408,2,12,0.7,182.7,-0.015,0.85824,-0.8523466,1,12,19,14,10,520000
"2025-01-12 19:14:18.8",77,100074,-0.386,13.48,64,51.4944,-147,-51.1404,2,12,0.7,183,-0.018,0.85824,-0.85234,1,12,19,14,18,120000
"2025-01-12 19:14:25.52",78,100075,-0.329,13.48,64,51.4944,-147,-51.1397,2,12,0.7,183.1,-0.015,0.85824,-0.8523284,1,12,19,14,24,840000
"2025-01-12 19:14:31.91",79,100076,-0.386,13.5,64,51.4943,-147,-51.1389,2,12,0.7,183.1,-0.018,0.8582383,-0.852315,1,12,19,14,31,230000
"2025-01-12 19:14:38.56",80,100077,-0.329,13.48,64,51.4943,-147,-51.138,2,12,0.7,183.1,-0.015,0.8582383,-0.8523,1,12,19,14,37,880000
"2025-01-12 19:14:45.1",81,100078,-0.272,13.5,64,51.4943,-147,-51.1371,2,12,0.7,183.1,-0.011,0.8582383,-0.852285,1,12,19,14,44,420000
"2025-01-12 19:14:51.45",82,100079,-0.214,13.48,64,51.4944,-147,-51.1363,2,12,0.7,183.1,-0.007,0.85824,-0.8522717,1,12,19,14,50,770000
"2025-01-12 19:14:58.3",83,100080,-0.329,13.48,64,51.4943,-147,-51.1354,2,12,0.7,183.1,-0.015,0.8582383,-0.8522566,1,12,19,14,57,610000
"2025-01-12 19:15:05.58",84,100081,-0.329,13.48,64,51.4943,-147,-51.1351,2,12,0.7,183.2,-0.015,0.8582383,-0.8522517,1,12,19,15,4,900000
"2025-01-12 19:15:10.8",85,100082,-0.386,13.47,64,51.4943,-147,-51.1347,2,12,0.7,183.3,-0.018,0.8582383,-0.852245,1,12,19,15,10,120000
"2025-01-12 19:15:16.05",86,100083,-0.443,13.47,64,51.4943,-147,-51.1344,2,12,0.7,183.4,-0.022,0.8582383,-0.85224,1,12,19,15,15,370000
"2025-01-12 19:15:21.51",87,100084,-0.329,13.47,64,51.4943,-147,-51.134,2,12,0.7,183.4,-0.015,0.8582383,-0.8522333,1,12,19,15,20,830000
"2025-01-12 19:15:27.21",88,100085,-0.386,13.48,64,51.4943,-147,-51.1337,2,12,0.7,183.5,-0.018,0.8582383,-0.8522283,1,12,19,15,26,530000
"2025-01-12 19:15:44.02",89,100086,3.046,13.53,64,51.4943,-147,-51.1313,2,12,0.7,183.6,0.2,0.8582383,-0.8521883,1,12,19,15,43,340000
"2025-01-12 19:18:12.85",90,100087,3.103,13.55,64,51.4944,-147,-51.1312,2,10,0.7,183.6,0.204,0.85824,-0.8521866,1,12,19,18,12,170000
"2025-01-12 19:20:19.58",91,100088,-0.272,13.43,64,51.4944,-147,-51.1306,2,9,0.8,183.7,-0.011,0.85824,-0.8521766,1,12,19,20,18,900000
"2025-01-12 19:20:52.43",92,100089,-0.272,13.37,64,51.4944,-147,-51.1305,2,10,0.7,183.8,-0.011,0.85824,-0.852175,1,12,19,20,51,750000
"2025-01-12 19:22:19.62",93,100090,-0.329,13.35,64,51.4945,-147,-51.1319,2,10,0.7,183.9,-0.015,0.8582417,-0.8521984,1,12,19,22,18,940000
"2025-01-12 19:22:22.33",94,100091,-0.214,13.35,64,51.4945,-147,-51.1316,2,10,0.7,183.8,-0.007,0.8582417,-0.8521933,1,12,19,22,21,650000
"2025-01-12 19:22:24.41",95,100092,-0.386,13.35,64,51.4945,-147,-51.1318,2,10,0.7,183.7,-0.018,0.8582417,-0.8521967,1,12,19,22,23,730000
"2025-01-12 19:22:26.59",96,100093,-0.386,13.36,64,51.4946,-147,-51.1321,2,10,0.7,183.7,-0.018,0.8582433,-0.8522017,1,12,19,22,25,910000
"2025-01-12 19:22:29.29",97,100094,-0.329,13.36,64,51.4945,-147,-51.1324,2,10,0.7,183.7,-0.015,0.8582417,-0.8522066,1,12,19,22,28,600000
"2025-01-12 19:22:41.21",98,100095,-0.386,13.35,64,51.4946,-147,-51.133,2,10,0.7,183.9,-0.018,0.8582433,-0.8522166,1,12,19,22,40,530000
"2025-01-12 19:22:44.43",99,100096,-0.386,13.35,64,51.4946,-147,-51.1334,2,10,0.7,184,-0.018,0.8582433,-0.8522234,1,12,19,22,43,750000
"2025-01-12 19:22:46.42",100,100097,-0.443,13.34,64,51.4946,-147,-51.1335,2,10,0.7,184,-0.022,0.8582433,-0.852225,1,12,19,22,45,740000
"2025-01-12 19:22:48.74",101,100098,-0.443,13.35,64,51.4947,-147,-51.134,2,10,0.7,184.1,-0.022,0.858245,-0.8522333,1,12,19,22,48,60000
"2025-01-12 19:22:51.1",102,100099,-0.443,13.35,64,51.4947,-147,-51.1344,2,10,0.7,184.1,-0.022,0.858245,-0.85224,1,12,19,22,50,420000
"2025-01-12 19:22:53.17",103,100100,-0.386,13.35,64,51.4946,-147,-51.1347,2,10,0.7,184.1,-0.018,0.8582433,-0.852245,1,12,19,22,52,490000
"2025-01-12 19:22:56.01",104,100101,-0.272,13.34,64,51.4946,-147,-51.1351,2,10,0.7,184,-0.011,0.8582433,-0.8522517,1,12,19,22,55,330000
"2025-01-12 19:22:59.82",105,100102,-0.386,13.33,64,51.4946,-147,-51.1357,2,9,0.7,184.1,-0.018,0.8582433,-0.8522617,1,12,19,22,59,140000
"2025-01-12 19:23:03.8",106,100103,-0.329,13.34,64,51.4946,-147,-51.1361,2,10,0.7,184.1,-0.015,0.8582433,-0.8522683,1,12,19,23,3,110000
"2025-01-12 19:23:06.15",107,100104,-0.329,13.35,64,51.4946,-147,-51.1365,2,10,0.7,184.1,-0.015,0.8582433,-0.852275,1,12,19,23,5,470000
"2025-01-12 19:23:13.27",108,100105,-0.386,13.33,64,51.4946,-147,-51.1384,2,10,0.7,184.1,-0.018,0.8582433,-0.8523066,1,12,19,23,12,590000
"2025-01-12 19:23:16.04",109,100106,-0.386,13.39,64,51.4946,-147,-51.1383,2,10,0.7,184.2,-0.018,0.8582433,-0.852305,1,12,19,23,15,360000
"2025-01-12 19:23:18.56",110,100107,-0.386,13.34,64,51.4946,-147,-51.139,2,10,0.7,184.1,-0.018,0.8582433,-0.8523166,1,12,19,23,17,880000
"2025-01-12 19:23:21.36",111,100108,-0.329,13.34,64,51.4945,-147,-51.1399,2,10,0.7,184.1,-0.015,0.8582417,-0.8523317,1,12,19,23,20,680000
"2025-01-12 19:23:24",112,100109,-0.329,13.34,64,51.4945,-147,-51.1408,2,10,0.7,184,-0.015,0.8582417,-0.8523466,1,12,19,23,23,320000
"2025-01-12 19:23:27.69",113,100110,-0.386,13.34,64,51.4945,-147,-51.142,2,10,0.7,183.9,-0.018,0.8582417,-0.8523666,1,12,19,23,27,10000
"2025-01-12 19:23:30.41",114,100111,-0.386,13.33,64,51.4945,-147,-51.1423,2,10,0.7,183.8,-0.018,0.8582417,-0.8523716,1,12,19,23,29,730000
"2025-01-12 19:23:32.96",115,100112,-0.386,13.34,64,51.4946,-147,-51.1431,2,10,0.7,183.6,-0.018,0.8582433,-0.852385,1,12,19,23,32,280000
"2025-01-12 19:23:35.64",116,100113,-0.443,13.34,64,51.4946,-147,-51.1438,2,10,0.7,183.6,-0.022,0.8582433,-0.8523966,1,12,19,23,34,950000
"2025-01-12 19:23:38.15",117,100114,-0.443,13.34,64,51.4946,-147,-51.1448,2,10,0.7,183.6,-0.022,0.8582433,-0.8524133,1,12,19,23,37,470000
"2025-01-12 19:23:40.96",118,100115,-0.329,13.33,64,51.4946,-147,-51.1457,2,10,0.7,183.5,-0.015,0.8582433,-0.8524283,1,12,19,23,40,280000
"2025-01-12 19:23:43.49",119,100116,-0.329,13.34,64,51.4946,-147,-51.1462,2,10,0.7,183.4,-0.015,0.8582433,-0.8524366,1,12,19,23,42,800000
"2025-01-12 19:23:46.29",120,100117,-0.272,13.34,64,51.4946,-147,-51.1471,2,10,0.7,183.4,-0.011,0.8582433,-0.8524516,1,12,19,23,45,610000
"2025-01-12 19:23:52.11",121,100118,-0.272,13.34,64,51.4946,-147,-51.1479,2,10,0.7,183.4,-0.011,0.8582433,-0.852465,1,12,19,23,51,430000
"2025-01-12 19:23:58.52",122,100119,-0.272,13.32,64,51.4946,-147,-51.1471,2,10,0.7,183.3,-0.011,0.8582433,-0.8524516,1,12,19,23,57,840000
"2025-01-12 19:24:04.46",123,100120,-0.443,13.33,64,51.4946,-147,-51.1461,2,12,0.7,183.3,-0.022,0.8582433,-0.852435,1,12,19,24,3,780000
"2025-01-12 19:24:09.7",124,100121,-0.329,13.34,64,51.4945,-147,-51.1451,2,11,0.7,183.1,-0.015,0.8582417,-0.8524183,1,12,19,24,9,20000
"2025-01-12 19:24:15.15",125,100122,-0.329,13.32,64,51.4945,-147,-51.1437,2,11,0.7,183,-0.015,0.8582417,-0.852395,1,12,19,24,14,470000
"2025-01-12 19:24:20.27",126,100123,-0.214,13.32,64,51.4946,-147,-51.1428,2,11,0.7,183,-0.007,0.8582433,-0.85238,1,12,19,24,19,590000
"2025-01-12 19:24:25.66",127,100124,-0.272,13.33,64,51.4946,-147,-51.1419,2,11,0.7,183,-0.011,0.8582433,-0.852365,1,12,19,24,24,980000
"2025-01-12 19:24:30.85",128,100125,-0.214,13.32,64,51.4946,-147,-51.141,2,11,0.7,183,-0.007,0.8582433,-0.85235,1,12,19,24,30,170000
"2025-01-12 19:24:37.3",129,100126,-0.329,13.32,64,51.4946,-147,-51.14,2,11,0.7,183.1,-0.015,0.8582433,-0.8523333,1,12,19,24,36,620000
"2025-01-12 19:24:43.1",130,100127,-0.329,13.32,64,51.4947,-147,-51.1392,2,12,0.7,183.1,-0.015,0.858245,-0.8523199,1,12,19,24,42,420000
"2025-01-12 19:28:39.42",131,100128,0.472,13.28,64,51.4948,-147,-51.1295,2,10,0.9,183,0.036,0.8582467,-0.8521584,1,12,19,28,38,740000
"2025-01-12 19:28:43.05",132,100129,0.529,13.27,64,51.4948,-147,-51.1295,2,11,0.7,183,0.04,0.8582467,-0.8521584,1,12,19,28,42,370000
"2025-01-12 19:28:45.73",133,100130,0.415,13.27,64,51.4948,-147,-51.1295,2,11,0.7,183,0.033,0.8582467,-0.8521584,1,12,19,28,44,990000
"2025-01-12 19:28:48.47",134,100131,0.415,13.27,64,51.4948,-147,-51.1296,2,11,0.7,183,0.033,0.8582467,-0.85216,1,12,19,28,47,790000
"2025-01-12 19:28:50.85",135,100132,0.415,13.27,64,51.4948,-147,-51.1296,2,11,0.7,183,0.033,0.8582467,-0.85216,1,12,19,28,50,170000
"2025-01-12 19:28:53.57",136,100133,0.415,13.27,64,51.4948,-147,-51.1298,2,11,0.7,183,0.033,0.8582467,-0.8521633,1,12,19,28,52,890000
"2025-01-12 19:28:56.34",137,100134,0.415,13.27,64,51.4947,-147,-51.131,2,11,0.7,183.1,0.033,0.858245,-0.8521834,1,12,19,28,55,720000
"2025-01-12 19:28:59.32",138,100135,0.415,13.28,64,51.4946,-147,-51.1314,2,11,0.7,183.3,0.033,0.8582433,-0.85219,1,12,19,28,58,640000
"2025-01-12 19:29:02.34",139,100136,0.415,13.27,64,51.4946,-147,-51.1318,2,11,0.7,183,0.033,0.8582433,-0.8521967,1,12,19,29,1,660000
"2025-01-12 19:29:04.95",140,100137,0.358,13.26,64,51.4947,-147,-51.1323,2,11,0.7,182.7,0.029,0.858245,-0.852205,1,12,19,29,4,270000
"2025-01-12 19:29:07.69",141,100138,0.415,13.27,64,51.4946,-147,-51.1326,2,11,0.7,182.7,0.033,0.8582433,-0.85221,1,12,19,29,7,10000
"2025-01-12 19:29:10.1",142,100139,0.358,13.27,64,51.4946,-147,-51.1324,2,11,0.7,182.8,0.029,0.8582433,-0.8522066,1,12,19,29,9,420000
"2025-01-12 19:29:12.38",143,100140,0.415,13.27,64,51.4945,-147,-51.133,2,11,0.7,183,0.033,0.8582417,-0.8522166,1,12,19,29,11,700000
"2025-01-12 19:29:15.35",144,100141,0.415,13.26,64,51.4944,-147,-51.1337,2,11,0.7,183.1,0.033,0.85824,-0.8522283,1,12,19,29,14,670000
"2025-01-12 19:29:17.89",145,100142,0.358,13.27,64,51.4944,-147,-51.1348,2,11,0.7,182.7,0.029,0.85824,-0.8522466,1,12,19,29,17,210000
"2025-01-12 19:29:21.08",146,100143,0.472,13.27,64,51.4945,-147,-51.1359,2,11,0.7,182.3,0.036,0.8582417,-0.852265,1,12,19,29,20,400000
"2025-01-12 19:29:23.89",147,100144,0.415,13.27,64,51.4946,-147,-51.1366,2,11,0.7,181.9,0.033,0.8582433,-0.8522767,1,12,19,29,23,210000
"2025-01-12 19:29:27.09",148,100145,0.358,13.26,64,51.4945,-147,-51.138,2,11,0.7,181.5,0.029,0.8582417,-0.8523,1,12,19,29,26,410000
"2025-01-12 19:29:29.63",149,100146,0.415,13.27,64,51.4945,-147,-51.1386,2,11,0.7,181.3,0.033,0.8582417,-0.85231,1,12,19,29,28,940000
"2025-01-12 19:29:32.07",150,100147,0.415,13.27,64,51.4945,-147,-51.1395,2,11,0.7,181.6,0.033,0.8582417,-0.852325,1,12,19,29,31,390000
"2025-01-12 19:29:34.45",151,100148,0.415,13.26,64,51.4946,-147,-51.14,2,11,0.7,181.9,0.033,0.8582433,-0.8523333,1,12,19,29,33,770000
"2025-01-12 19:29:37.27",152,100149,0.415,13.26,64,51.4946,-147,-51.1413,2,11,0.7,182.1,0.033,0.8582433,-0.852355,1,12,19,29,36,590000
"2025-01-12 19:29:39.88",153,100150,0.358,13.27,64,51.4944,-147,-51.1425,2,11,0.7,182.3,0.029,0.85824,-0.852375,1,12,19,29,39,200000
"2025-01-12 19:29:42.37",154,100151,0.472,13.27,64,51.4943,-147,-51.143,2,11,0.7,182.7,0.036,0.8582383,-0.8523834,1,12,19,29,41,690000
"2025-01-12 19:29:44.67",155,100152,0.415,13.26,64,51.4943,-147,-51.1435,2,11,0.7,183.2,0.033,0.8582383,-0.8523917,1,12,19,29,43,970000
"2025-01-12 19:29:46.9",156,100153,0.415,13.27,64,51.4942,-147,-51.145,2,11,0.7,183.6,0.033,0.8582366,-0.8524167,1,12,19,29,46,220000
"2025-01-12 19:29:49.4",157,100154,0.358,13.26,64,51.4942,-147,-51.1458,2,10,0.7,183.9,0.029,0.8582366,-0.8524301,1,12,19,29,48,720000
"2025-01-12 19:29:51.57",158,100155,0.358,13.26,64,51.4941,-147,-51.1463,2,11,0.7,184.2,0.029,0.858235,-0.8524383,1,12,19,29,50,890000
